{
 "cells": [
  {
   "cell_type": "markdown",
   "metadata": {},
   "source": [
    "## CIVE4200  Assignment 2, Question 4 - Compact Solution"
   ]
  },
  {
   "cell_type": "markdown",
   "metadata": {},
   "source": [
    "This notebook illustrates the use of the Python version of CAL86 (CAL90?) to solve Question 4 of Assignment 2 of CIVE4200, 2015/16.  In this example, all CAL commands are in one cell.\n",
    "\n",
    "![Element](.img/A2Q2-fig0.svg)"
   ]
  },
  {
   "cell_type": "markdown",
   "metadata": {},
   "source": [
    "Neglecting axial deformations (ie, assuming infinite axial stiffness), the element\n",
    "degree-of-freedom numbering is as follows: ![Element](img/A2Q2-fig1.svg)\n",
    "Note that the numbering starts at 0 (zero) **not** 1 (one).  This is to keep array indexing\n",
    "consistent with the underlying Python array library."
   ]
  },
  {
   "cell_type": "markdown",
   "metadata": {},
   "source": [
    "![Element](img/A2Q2-fig2.svg)"
   ]
  },
  {
   "cell_type": "code",
   "execution_count": 1,
   "metadata": {
    "collapsed": false
   },
   "outputs": [],
   "source": [
    "import PyCAL86\n",
    "import numpy as np"
   ]
  },
  {
   "cell_type": "code",
   "execution_count": 2,
   "metadata": {
    "collapsed": false,
    "scrolled": false
   },
   "outputs": [
    {
     "name": "stdout",
     "output_type": "stream",
     "text": [
      "C        NAME: JOSHUA WOODS\n",
      "C        COURSE CIVE 4200\n",
      "C\n",
      "C QUESTION 2 FROM ASSIGNMENT 2 SOLVED USING CAL90 USING BASIC COMMANDS AND ADDK IGNORING AXIAL DEFORMATIONS\n",
      "C\n",
      "C PROBLEM\n",
      "C\n",
      "C STIFFNESS CALCULATION\n",
      "C\n",
      "C MEMBER 1 (HORIZONTAL ON LEFT , L=4 EI=70.2E3)\n",
      "C\n",
      "LOAD K1 R=4 C=4\n",
      "13.16E3 26.33E3 -13.16E3 26.33E3\n",
      "26.33E3 70.2E3 -26.67E3 35.1E3\n",
      "-13.16E3 -26.67E3 13.16E3 -26.33E3\n",
      "26.33E3 35.1E3 -26.33E3 70.2E3\n",
      "ARRAY NAME = K1    NUMBER OF ROWS =    4 NUMBER OF COLUMNS =    4\n",
      "PRINT K1\n",
      "K1:\n",
      "[[ 13160.  26330. -13160.  26330.]\n",
      " [ 26330.  70200. -26670.  35100.]\n",
      " [-13160. -26670.  13160. -26330.]\n",
      " [ 26330.  35100. -26330.  70200.]]\n",
      "\n",
      "C\n",
      "C MEMBER2 (HORIZONTAL ON RIGHT, L=2, EI=70.2E3)\n",
      "C\n",
      "LOAD K2 R=4 C=4\n",
      "105.3E3 105.3E3 -105.3E3 105.3E3\n",
      "105.3E3 140.4E3 -105.3E3 70.2E3\n",
      "-105.3E3 -105.3E3 105.3E3 -105.3E3\n",
      "105.3E3 70.2E3 -105.3E3 140.4E3\n",
      "ARRAY NAME = K2    NUMBER OF ROWS =    4 NUMBER OF COLUMNS =    4\n",
      "PRINT K2\n",
      "K2:\n",
      "[[ 105300.  105300. -105300.  105300.]\n",
      " [ 105300.  140400. -105300.   70200.]\n",
      " [-105300. -105300.  105300. -105300.]\n",
      " [ 105300.   70200. -105300.  140400.]]\n",
      "\n",
      "C\n",
      "C MEMBER 3 (VERTICAL COLUMN MEMBER, L=5, EI=111.2E3, THETA=90)\n",
      "LOAD KK3 R=4 C=4\n",
      "10.675E3 26.69E3 -10.675E3 26.69E3\n",
      "26.69E3 88.96E3 -26.69E3 44.48E3\n",
      "-10.675E3 -26.69E3 10.675E3 -26.69E3\n",
      "26.69E3 44.48E3 -26.69E3 88.96E3\n",
      "ARRAY NAME = KK3   NUMBER OF ROWS =    4 NUMBER OF COLUMNS =    4\n",
      "PRINT KK3\n",
      "KK3:\n",
      "[[ 10675.  26690. -10675.  26690.]\n",
      " [ 26690.  88960. -26690.  44480.]\n",
      " [-10675. -26690.  10675. -26690.]\n",
      " [ 26690.  44480. -26690.  88960.]]\n",
      "\n",
      "C\n",
      "C TRANSFORMATION MATRIX FOR THETA=90\n",
      "C\n",
      "LOAD A1 R=4 C=4\n",
      "1. 0. 0. 0.\n",
      "0. 1. 0. 0.\n",
      "0. 0. 1. 0.\n",
      "0. 0. 0. 1.\n",
      "ARRAY NAME = A1    NUMBER OF ROWS =    4 NUMBER OF COLUMNS =    4\n",
      "PRINT A1\n",
      "A1:\n",
      "[[ 1.  0.  0.  0.]\n",
      " [ 0.  1.  0.  0.]\n",
      " [ 0.  0.  1.  0.]\n",
      " [ 0.  0.  0.  1.]]\n",
      "\n",
      "C\n",
      "C FORCE-DISPLACEMENT TRANFORMATION MATRIX\n",
      "C\n",
      "MULT KK3 A1 KA3\n",
      "PRINT KA3\n",
      "KA3:\n",
      "[[ 10675.  26690. -10675.  26690.]\n",
      " [ 26690.  88960. -26690.  44480.]\n",
      " [-10675. -26690.  10675. -26690.]\n",
      " [ 26690.  44480. -26690.  88960.]]\n",
      "\n",
      "C\n",
      "TRAN A1 A1T\n",
      "MULT A1T KA3 K3\n",
      "PRINT K3\n",
      "K3:\n",
      "[[ 10675.  26690. -10675.  26690.]\n",
      " [ 26690.  88960. -26690.  44480.]\n",
      " [-10675. -26690.  10675. -26690.]\n",
      " [ 26690.  44480. -26690.  88960.]]\n",
      "\n",
      "C\n",
      "C DIRECT STIFFNESS ASSEMBLY OF GLOBAL STRUCTURAL STIFFNESS\n",
      "C\n",
      "C LOCAL-STRUCTURAL DOF RELATION OR LOCATION ARRAY\n",
      "C\n",
      "LOADI LM R=4 C=3\n",
      "4 5 7\n",
      "0 1 8\n",
      "5 3 6\n",
      "1 2 1\n",
      "ARRAY NAME = LM    NUMBER OF ROWS =    4 NUMBER OF COLUMNS =    3\n",
      "PRINT LM\n",
      "LM:\n",
      "[[4 5 7]\n",
      " [0 1 8]\n",
      " [5 3 6]\n",
      " [1 2 1]]\n",
      "\n",
      "C\n",
      "ZERO K R=9 C=9\n",
      "ADDK K K1 LM N=0\n",
      "ADDK K K2 LM N=1\n",
      "ADDK K K3 LM N=2\n",
      "C\n",
      "C ASSEMBLED GLOBAL STRUCTURAL STIFFNESS\n",
      "PRINT K\n",
      "K:\n",
      "[[  70200.   35100.       0.       0.   26330.  -26670.       0.       0.       0.]\n",
      " [  35100.  299560.   70200. -105300.   26330.   78970.  -26690.   26690.   44480.]\n",
      " [      0.   70200.  140400. -105300.       0.  105300.       0.       0.       0.]\n",
      " [      0. -105300. -105300.  105300.       0. -105300.       0.       0.       0.]\n",
      " [  26330.   26330.       0.       0.   13160.  -13160.       0.       0.       0.]\n",
      " [ -26670.   78970.  105300. -105300.  -13160.  118460.       0.       0.       0.]\n",
      " [      0.  -26690.       0.       0.       0.       0.   10675.  -10675.  -26690.]\n",
      " [      0.   26690.       0.       0.       0.       0.  -10675.   10675.   26690.]\n",
      " [      0.   44480.       0.       0.       0.       0.  -26690.   26690.   88960.]]\n",
      "\n",
      "C\n",
      "C LOAD VECTOR WITH FIXED END FORCES\n",
      "LOAD R R=9 C=1\n",
      "-16.\n",
      "12.\n",
      "4.\n",
      "-17.\n",
      "0\n",
      "0\n",
      "0\n",
      "0\n",
      "0\n",
      "ARRAY NAME = R     NUMBER OF ROWS =    9 NUMBER OF COLUMNS =    1\n",
      "PRINT R\n",
      "R:\n",
      "[[-16.]\n",
      " [ 12.]\n",
      " [  4.]\n",
      " [-17.]\n",
      " [  0.]\n",
      " [  0.]\n",
      " [  0.]\n",
      " [  0.]\n",
      " [  0.]]\n",
      "C\n",
      "C DISPLACEMENT VECTOR\n",
      "ZERO D R=9 C=1\n",
      "\n",
      "C  IN THE FOLLOWING, PS IS PARTITION SIZE (# OF UNCONSTRAINED DOFs)\n",
      "PSOLVE K D R PS=4\n",
      "PRINT D\n",
      "D:\n",
      "[[-0.00019]\n",
      " [-0.00007]\n",
      " [-0.00044]\n",
      " [-0.00067]\n",
      " [ 0.     ]\n",
      " [ 0.     ]\n",
      " [ 0.     ]\n",
      " [ 0.     ]\n",
      " [ 0.     ]]\n",
      "PRINT R\n",
      "R:\n",
      "[[-16.     ]\n",
      " [ 12.     ]\n",
      " [  4.     ]\n",
      " [-17.     ]\n",
      " [ -6.93081]\n",
      " [ 23.99629]\n",
      " [  1.88475]\n",
      " [ -1.88475]\n",
      " [ -3.14102]]\n",
      "C\n",
      "C MEMBER FORCES W / FIXED END FORCES\n",
      "C\n",
      "MEMFRC K1 D LM F1 N=0\n",
      "C MEMBER FORCES MEMBER 1\n",
      "PRINT F1\n",
      "F1:\n",
      "[[ -6.93081]\n",
      " [-16.     ]\n",
      " [  6.99629]\n",
      " [-11.71796]]\n",
      "C\n",
      "MEMFRC K2 D LM F2 N=1\n",
      "C MEMBER FORCES MEMBER 2\n",
      "PRINT F2\n",
      "F2:\n",
      "[[ 17.]\n",
      " [ 30.]\n",
      " [-17.]\n",
      " [  4.]]\n",
      "C\n",
      "MEMFRC KA3 D LM F3 N=2\n",
      "C MEMBER FORCES MEMBER 3\n",
      "PRINT F3\n",
      "F3:\n",
      "[[-1.88475]\n",
      " [-3.14102]\n",
      " [ 1.88475]\n",
      " [-6.28204]]\n",
      "\n",
      "C\n",
      "C ADD FIXED END FORCES TO MEMBER 2\n",
      "C\n",
      "LOAD FE1 R=4 C=1\n",
      "24.\n",
      "16.\n",
      "24.\n",
      "-16.\n",
      "ARRAY NAME = FE1   NUMBER OF ROWS =    4 NUMBER OF COLUMNS =    1\n",
      "PRINT FE1\n",
      "FE1:\n",
      "[[ 24.]\n",
      " [ 16.]\n",
      " [ 24.]\n",
      " [-16.]]\n",
      "C\n",
      "LOAD FE2 R=4 C=1\n",
      "12.\n",
      "4.\n",
      "12.\n",
      "-4.\n",
      "ARRAY NAME = FE2   NUMBER OF ROWS =    4 NUMBER OF COLUMNS =    1\n",
      "PRINT FE2\n",
      "FE2:\n",
      "[[ 12.]\n",
      " [  4.]\n",
      " [ 12.]\n",
      " [ -4.]]\n",
      "C\n",
      "ADD F1 FE1\n",
      "ADD F2 FE2\n",
      "PRINT F1\n",
      "F1:\n",
      "[[ 17.06919]\n",
      " [  0.     ]\n",
      " [ 30.99629]\n",
      " [-27.71796]]\n",
      "PRINT F2\n",
      "F2:\n",
      "[[ 29.]\n",
      " [ 34.]\n",
      " [ -5.]\n",
      " [  0.]]\n",
      "C\n",
      "C PROBLEM COMPLETE ALL MEMBER FORCES AND NODAL DISPLACEMENTS HAVE BEEN DETERMINED\n",
      "C RETURN"
     ]
    }
   ],
   "source": [
    "%%CAL86 -v\n",
    "C        NAME: JOSHUA WOODS\n",
    "C        COURSE CIVE 4200\n",
    "C\n",
    "C QUESTION 2 FROM ASSIGNMENT 2 SOLVED USING CAL90 USING BASIC COMMANDS AND ADDK IGNORING AXIAL DEFORMATIONS\n",
    "C\n",
    "C PROBLEM\n",
    "C\n",
    "C STIFFNESS CALCULATION\n",
    "C\n",
    "C MEMBER 1 (HORIZONTAL ON LEFT , L=4 EI=70.2E3)\n",
    "C\n",
    "LOAD K1 R=4 C=4\n",
    "13.16E3 26.33E3 -13.16E3 26.33E3\n",
    "26.33E3 70.2E3 -26.67E3 35.1E3\n",
    "-13.16E3 -26.67E3 13.16E3 -26.33E3\n",
    "26.33E3 35.1E3 -26.33E3 70.2E3\n",
    "PRINT K1\n",
    "\n",
    "C\n",
    "C MEMBER2 (HORIZONTAL ON RIGHT, L=2, EI=70.2E3)\n",
    "C\n",
    "LOAD K2 R=4 C=4\n",
    "105.3E3 105.3E3 -105.3E3 105.3E3\n",
    "105.3E3 140.4E3 -105.3E3 70.2E3\n",
    "-105.3E3 -105.3E3 105.3E3 -105.3E3\n",
    "105.3E3 70.2E3 -105.3E3 140.4E3\n",
    "PRINT K2\n",
    "\n",
    "C\n",
    "C MEMBER 3 (VERTICAL COLUMN MEMBER, L=5, EI=111.2E3, THETA=90)\n",
    "LOAD KK3 R=4 C=4\n",
    "10.675E3 26.69E3 -10.675E3 26.69E3\n",
    "26.69E3 88.96E3 -26.69E3 44.48E3\n",
    "-10.675E3 -26.69E3 10.675E3 -26.69E3\n",
    "26.69E3 44.48E3 -26.69E3 88.96E3\n",
    "PRINT KK3\n",
    "\n",
    "C\n",
    "C TRANSFORMATION MATRIX FOR THETA=90\n",
    "C\n",
    "LOAD A1 R=4 C=4\n",
    "1. 0. 0. 0.\n",
    "0. 1. 0. 0.\n",
    "0. 0. 1. 0.\n",
    "0. 0. 0. 1.\n",
    "PRINT A1\n",
    "\n",
    "C\n",
    "C FORCE-DISPLACEMENT TRANFORMATION MATRIX\n",
    "C\n",
    "MULT KK3 A1 KA3\n",
    "PRINT KA3\n",
    "\n",
    "C\n",
    "TRAN A1 A1T\n",
    "MULT A1T KA3 K3\n",
    "PRINT K3\n",
    "\n",
    "C\n",
    "C DIRECT STIFFNESS ASSEMBLY OF GLOBAL STRUCTURAL STIFFNESS\n",
    "C\n",
    "C LOCAL-STRUCTURAL DOF RELATION OR LOCATION ARRAY\n",
    "C\n",
    "LOADI LM R=4 C=3\n",
    "4 5 7\n",
    "0 1 8\n",
    "5 3 6\n",
    "1 2 1\n",
    "PRINT LM\n",
    "\n",
    "C\n",
    "ZERO K R=9 C=9\n",
    "ADDK K K1 LM N=0\n",
    "ADDK K K2 LM N=1\n",
    "ADDK K K3 LM N=2\n",
    "C\n",
    "C ASSEMBLED GLOBAL STRUCTURAL STIFFNESS\n",
    "PRINT K\n",
    "\n",
    "C\n",
    "C LOAD VECTOR WITH FIXED END FORCES\n",
    "LOAD R R=9 C=1\n",
    "-16.\n",
    "12.\n",
    "4.\n",
    "-17.\n",
    "0\n",
    "0\n",
    "0\n",
    "0\n",
    "0\n",
    "PRINT R\n",
    "C\n",
    "C DISPLACEMENT VECTOR\n",
    "ZERO D R=9 C=1\n",
    "\n",
    "C  IN THE FOLLOWING, PS IS PARTITION SIZE (# OF UNCONSTRAINED DOFs)\n",
    "PSOLVE K D R PS=4\n",
    "PRINT D\n",
    "PRINT R\n",
    "C\n",
    "C MEMBER FORCES W / FIXED END FORCES\n",
    "C\n",
    "MEMFRC K1 D LM F1 N=0\n",
    "C MEMBER FORCES MEMBER 1\n",
    "PRINT F1\n",
    "C\n",
    "MEMFRC K2 D LM F2 N=1\n",
    "C MEMBER FORCES MEMBER 2\n",
    "PRINT F2\n",
    "C\n",
    "MEMFRC KA3 D LM F3 N=2\n",
    "C MEMBER FORCES MEMBER 3\n",
    "PRINT F3\n",
    "\n",
    "C\n",
    "C ADD FIXED END FORCES TO MEMBER 2\n",
    "C\n",
    "LOAD FE1 R=4 C=1\n",
    "24.\n",
    "16.\n",
    "24.\n",
    "-16.\n",
    "PRINT FE1\n",
    "C\n",
    "LOAD FE2 R=4 C=1\n",
    "12.\n",
    "4.\n",
    "12.\n",
    "-4.\n",
    "PRINT FE2\n",
    "C\n",
    "ADD F1 FE1\n",
    "ADD F2 FE2\n",
    "PRINT F1\n",
    "PRINT F2\n",
    "C\n",
    "C PROBLEM COMPLETE ALL MEMBER FORCES AND NODAL DISPLACEMENTS HAVE BEEN DETERMINED\n",
    "C RETURN"
   ]
  },
  {
   "cell_type": "code",
   "execution_count": null,
   "metadata": {
    "collapsed": true
   },
   "outputs": [],
   "source": []
  }
 ],
 "metadata": {
  "kernelspec": {
   "display_name": "Python 2",
   "language": "python",
   "name": "python2"
  },
  "language_info": {
   "codemirror_mode": {
    "name": "ipython",
    "version": 2
   },
   "file_extension": ".py",
   "mimetype": "text/x-python",
   "name": "python",
   "nbconvert_exporter": "python",
   "pygments_lexer": "ipython2",
   "version": "2.7.6"
  },
  "widgets": {
   "state": {},
   "version": "1.1.1"
  }
 },
 "nbformat": 4,
 "nbformat_minor": 0
}
